0
0
0
0
0
0
0
0
0
0
0
0
0
0
0
0
0
0
0
0
0
0
0
0
0
0
0
0
0
0
0
0
0
0
0
0
0
0
0
0
0
0
0
0
0
0
0
0
0
0
0
0
0
0
0
0
0
0
0
0
0
0
0
0
0
0
0
0
0
0
0
0
0
0
0
0
0
0
0
0
0
0
0
0
0
0
0
0
0
0
0
0
0
0
0
0
0
0
1
0
0
1
0
0
0
0
0
0
1
0
0
1
1
1
0
0
1
0
1
1
2
1
2
0
0
1
0
6
0
1
0
4
7
3
5
1
7
3
6
6
10
9
8
10
12
9
14
13
11
9
18
23
11
18
30
23
20
29
34
33
42
42
43
35
52
56
63
72
64
66
83
87
84
99
100
89
112
106
110
152
123
154
128
133
143
179
154
190
202
201
205
218
227
230
244
270
318
294
322
332
335
347
349
420
426
445
483
511
511
527
552
569
643
644
666
714
811
802
856
873
944
1065
1038
1134
1175
1227
1324
1348
1442
1565
1623
1698
1832
1877
2057
2309
2355
2511
2616
2792
2958
3174
3508
3652
3983
4096
4375
4894
5269
5746
6170
6469
6879
7229
7421
7483
7411
7296
6877
6421
5925
5630
5368
4926
4541
4136
3896
3618
3435
3290
2941
2769
2609
2402
2337
2291
2072
1942
1851
1767
1638
1530
1423
1385
1222
1182
1154
1100
1119
993
925
914
850
825
739
706
677
678
626
589
537
543
500
486
429
460
389
374
361
400
354
322
328
342
310
271
239
250
235
208
220
214
165
172
166
161
154
146
145
157
147
142
122
123
86
91
88
82
91
88
65
68
68
70
70
48
42
38
36
41
52
30
28
33
30
27
24
22
26
23
18
14
12
13
11
11
14
16
10
9
11
7
5
9
6
6
3
6
5
2
9
3
1
3
3
1
2
1
1
0
1
2
1
1
0
0
0
1
0
0
1
0
0
0
0
0
1
0
1
0
0
1
0
1
0
0
0
0
0
0
0
0
0
0
0
0
0
0
0
0
0
0
0
0
0
0
0
0
0
0
0
0
0
0
0
0
0
0
0
0
0
0
0
0
0
0
0
0
0
0
0
0
0
0
0
0
0
0
0
0
0
0
0
0
0
0
0
0
0
0
0
0
0
0
0
0
0
0
0
0
0
0
0
0
0
0
0
0
0
0
0
0
0
0
0
0
0
0
0
0
0
