0
0
0
0
0
0
0
0
0
0
0
0
0
0
0
0
0
0
0
0
0
0
0
0
0
0
0
0
0
0
0
0
0
0
0
0
0
0
0
0
0
0
0
0
0
0
0
0
0
0
0
0
0
0
0
0
0
0
0
0
0
0
0
0
0
0
0
0
0
0
0
0
0
0
0
0
0
0
0
0
0
0
0
0
0
0
0
0
0
0
0
0
0
0
0
0
0
0
0
0
0
0
0
0
0
0
0
0
0
0
0
0
0
0
0
0
0
0
0
0
0
0
0
0
0
0
0
0
0
0
0
1
3
0
0
1
1
0
2
1
1
3
0
1
5
0
2
3
3
2
3
4
0
6
5
5
5
8
2
6
6
3
3
6
5
9
6
7
5
6
3
14
11
9
7
12
8
13
10
12
15
19
17
17
29
29
28
28
31
26
29
39
34
42
38
35
30
38
43
39
57
61
66
58
61
79
70
77
84
86
73
106
122
101
117
141
151
166
156
177
184
192
212
217
260
286
301
326
358
428
419
457
506
542
581
699
718
857
954
1101
1225
1407
1639
2006
2311
2806
3554
4473
5701
7177
9461
12090
15092
18218
20160
22396
20580
17999
15002
12190
9344
7377
5789
4325
3507
2981
2319
1968
1574
1400
1229
1065
914
818
745
664
597
550
518
454
395
392
368
353
282
301
273
232
223
215
198
159
167
161
136
134
131
113
104
106
106
83
90
93
81
68
58
64
70
53
55
50
46
45
53
40
25
28
23
30
25
29
32
23
25
29
17
15
21
27
12
13
16
7
10
10
7
9
7
13
5
5
3
12
3
9
6
3
2
2
5
3
1
4
3
4
3
1
4
4
3
3
3
2
3
4
4
3
0
1
1
4
3
2
1
3
1
1
0
0
1
0
0
0
0
0
0
0
0
0
0
0
0
0
0
0
0
0
0
0
0
0
0
0
0
0
0
0
0
0
0
0
0
0
0
0
0
0
0
0
0
0
0
0
0
0
0
0
0
0
0
0
0
0
0
0
0
0
0
0
0
0
0
0
0
0
0
0
0
0
0
0
0
0
0
0
0
0
0
0
0
0
0
0
0
0
0
0
0
0
0
0
0
0
0
0
0
0
0
0
0
0
0
0
0
0
0
0
0
0
0
0
0
0
0
0
0
0
0
0
0
0
0
0
0
0
0
0
0
0
0
