113
107
111
111
114
131
107
104
67
70
88
7
39
34
5
36
97
79
107
101
114
104
102
100
76
65
60
35
17
29
10
13
101
103
108
95
135
114
101
106
85
92
71
49
83
42
42
32
101
109
111
97
121
111
119
97
102
77
82
61
51
41
32
26
111
93
114
131
110
112
114
97
103
67
79
55
46
45
19
31
110
125
79
99
99
92
103
101
83
85
68
48
55
33
32
20
102
126
113
104
112
102
140
100
82
78
86
65
67
50
57
54
82
101
124
117
132
115
102
86
74
89
81
63
60
73
53
26
116
91
123
111
113
117
92
99
74
77
66
54
47
36
34
36
126
114
126
127
117
116
124
100
100
75
70
36
48
31
39
16
121
91
93
128
121
122
101
90
87
100
66
39
50
24
26
6
82
90
90
92
89
92
82
78
66
54
48
68
41
21
33
38
79
63
98
95
103
98
75
73
61
41
41
40
57
26
26
22
60
75
73
76
57
63
53
59
61
35
34
1
16
6
9
11
33
43
35
42
14
24
13
23
46
9
22
10
8
26
18
6
14
9
17
52
4
10
29
24
15
8
21
12
7
5
19
8
