Original Histogram:
0
0
0
0
0
0
0
0
0
0
0
0
0
0
0
0
0
0
0
0
0
0
0
0
0
1
7
22
28
63
93
135
177
224
306
420
508
607
778
922
1082
1279
1429
1642
1756
1846
2038
2066
2007
2081
2053
2039
1969
1846
1741
1673
1549
1478
1289
1249
1193
1026
959
948
910
868
786
801
771
776
848
812
820
801
880
903
850
890
938
935
916
924
847
951
935
965
994
1015
1072
1108
1124
1224
1194
1346
1413
1557
1628
1791
1853
2105
1930
1899
1941
1840
1763
1737
1588
1498
1466
1336
1369
1389
1363
1442
1381
1336
1409
1464
1544
1517
1626
1789
1790
1878
2061
2097
2311
2300
2385
2483
2390
2262
2235
2116
1993
1858
1929
1889
2040
2128
2270
2270
2341
2433
2466
2409
2214
2340
2285
2202
2314
2327
2374
2611
2723
2690
2673
2493
2391
2286
2062
1846
1769
1628
1454
1403
1370
1247
1201
1241
1139
1187
1350
1242
1225
1184
1190
1236
1108
950
919
820
790
681
626
619
641
691
647
664
726
815
825
912
926
1016
876
880
892
824
843
910
848
868
905
987
947
1067
1104
1032
936
1048
939
814
689
562
502
379
379
309
218
238
206
175
119
78
69
55
55
22
20
8
7
6
8
1
0
0
1
0
0
0
2
0
1
1
0
0
0
0
0
0
0
0
0
0
New Histogram:
750
1234
607
778
922
1082
1279
1429
0
1642
0
1756
1846
0
2038
0
2066
0
2007
0
2081
0
2053
0
2039
0
1969
0
1846
0
1741
1673
0
1549
1478
0
1289
1249
1193
1026
959
948
910
1654
801
771
1624
812
820
801
880
1753
890
938
935
916
924
847
951
1900
994
1015
1072
0
1108
1124
1224
1194
1346
0
1413
1557
0
1628
0
1791
1853
0
2105
0
1930
0
1899
0
1941
0
1840
1763
0
1737
0
1588
1498
0
1466
1336
1369
0
1389
1363
1442
0
1381
1336
1409
0
1464
1544
0
1517
1626
0
1789
0
1790
0
1878
0
2061
0
2097
0
2311
0
2300
0
2385
0
0
2483
0
2390
0
2262
0
0
2235
0
2116
0
1993
1858
0
1929
0
1889
0
2040
0
2128
0
2270
0
0
2270
0
2341
0
2433
0
0
2466
0
2409
0
2214
0
2340
0
0
2285
0
2202
0
2314
0
2327
0
0
2374
0
2611
0
0
2723
0
2690
0
0
2673
0
2493
0
0
2391
0
2286
0
2062
0
1846
1769
0
1628
1454
0
1403
1370
1247
0
1201
1241
1139
1187
1350
0
1242
1225
1184
1190
1236
1108
950
919
820
1471
626
1260
691
1311
726
1640
912
926
1016
876
880
892
1667
910
848
868
905
987
947
1067
1104
1032
936
1048
939
1503
1064
1285
1071
1
